Any[1 4 2.0901230667938657
    2 4 5.514118462250911
    2 4 6.28039667244246
    2 4 4.7190830633925085
    1 4 1.4647215304044892
    2 3 4.361244527913411
    1 3 5.256515365291893
    1 3 3.730692115776967
    1 4 2.039447421599098
    2 3 4.854997347346458
    2 3 4.768554231012091
    1 4 1.7144356999707742
    1 4 1.5266517166118891
    1 3 4.699459129709388
    1 4 2.7057853656840165
    2 4 4.879409918556899
    2 4 5.130433572403112
    1 4 2.806764450829624
    1 3 3.8297947401174035
    1 4 2.939329645855053
    1 4 2.397461374847554
    1 3 4.651869289864786
    2 4 6.013642840145484
    1 4 1.8602294581524554
    1 3 5.460459801287948
    2 4 7.145591449410649
    2 3 4.744354828674479
    1 4 1.9366738416898293
    2 4 7.2648971479335245
    2 4 6.279825248169842
    2 4 5.460186815923783
    2 4 6.96134751841629
    2 3 4.018632013518097
    1 3 4.749858452353711
    2 4 6.988621883252432
    1 3 3.63090231871091
    2 4 6.407476788587075
    2 4 5.502062535023323
    1 4 2.9644812290153424
    1 4 2.0365117301267657
    1 4 2.8182563164173655
    1 3 3.5958208079368426
    2 4 5.524313574440521
    2 4 7.368577303146607
    1 3 5.067332099907379
    1 3 4.33627158208639
    2 3 4.233330973005689
    2 3 4.267234048949734
    1 4 1.3978665541814412
    1 3 3.7600337390418206
    1 3 5.531525358213734
    1 3 3.2480357168998504
    2 4 5.618328883352856
    1 4 2.964989264042178
    2 3 4.238176635725992
    2 4 7.161521738473789
    1 4 1.753659051445553
    1 4 2.3062552207111966
    1 4 1.6693363815635252
    1 4 1.7503176964041005
    2 3 4.095388224677171
    1 4 1.3531941102009117
    1 4 2.2938567946087756
    2 3 4.398197554640767
    2 4 6.6641159389696005
    2 3 4.815996556823372
    2 3 4.620833313866567
    1 3 5.722450845591284
    1 4 2.842018887438537
    2 4 5.134417751387014
    1 4 2.080797448789362
    2 4 6.056305150859641
    2 4 7.268711846043144
    2 3 4.302866243173147
    1 4 2.0520815709018816
    1 3 2.908673408692885
    1 4 2.216612559827186
    1 4 1.2475513302320285
    1 3 3.7107384431636303
    1 4 2.5656939888804606
    2 3 4.113779959635511
    1 4 1.0612055126504942
    1 3 3.6702883425231727
    1 3 5.91359248426696
    2 3 4.72087991624557
    2 3 4.072051234693742
    2 3 4.593119765117901
    1 3 2.238117694718646
    2 3 4.208915849065808
    2 4 4.936859357317497
    2 3 4.631850934238001
    2 4 6.125008741080342
    2 4 4.731877527439616
    1 4 2.6722770738246635
    1 4 1.373365772023548
    2 4 6.510510378048387
    2 4 4.507560121501105
    1 4 1.7961268719598142
    2 3 4.803465988038551
    2 3 4.331486051599372
    2 3 4.701972170193681
    1 4 2.839033290440969
    2 4 5.439177047901595
    1 4 1.371890559159056
    2 4 6.817050322642976
    2 4 5.142580770612858
    1 4 1.6936412589536793
    1 4 2.408261115179909
    1 3 5.449762788087107
    2 4 6.879428315178492
    2 3 4.622759367730754
    2 4 5.789116849493254
    2 4 5.272263368579509
    1 3 3.5119965362083203
    1 4 2.825838101243188
    2 3 4.2807720654982555
    2 4 6.402825973599985
    1 4 1.22617297049459
    1 4 2.5672277613325285
    2 4 6.30113714644349
    2 3 4.662490348132776
    1 3 2.0639735401191954
    1 4 2.5355346929849065
    2 4 5.049253855592665
    1 4 2.7156229173504256
    2 3 4.13354537043939
    2 4 5.236911727028652
    2 4 5.251924884204932
    1 3 3.506440286396927
    2 3 4.756530367851123
    2 4 5.6560896451001215
    1 4 1.5038901266325397
    1 3 4.243146815926245
    2 4 4.916075745546039
    2 3 4.266304597696988
    2 3 4.285688596245485
    2 4 5.082765187237065
    1 4 2.5996342890151105
    1 4 2.529818606244464
    2 3 4.2181353525916645
    2 3 4.452346470277664
    2 3 4.639525454214956
    2 4 6.611747187987259
    1 3 3.694527482916448
    2 4 7.273533568850731
    1 4 1.306419961559444
    2 4 6.507984703800559
    1 3 4.7470793268673885
    2 4 7.414981062950734
    2 4 4.951976580636443
    1 4 1.1491533976471136
    1 4 1.7184268781145513
    2 4 6.683726370592349
    1 4 1.5901168624668922
    1 3 5.68668872700574
    2 3 4.107228592603884
    1 4 1.388668180577036
    1 3 5.418537100931922
    1 4 1.7079045115661708
    2 4 5.32720488576334
    2 3 4.268461375532647
    2 3 4.2052253697368505
    2 4 7.384865687259908
    2 4 6.319726384482532
    1 4 2.4158973569219655
    2 4 5.863431569261175
    1 3 4.096235664804825
    2 3 4.174902664957515
    1 3 5.335717003549214
    1 3 4.297417620398259
    1 4 1.6879305337660653
    1 3 2.544587048092156
    1 4 2.8068815169633963
    2 3 4.729784527361275
    2 4 7.087839753267131
    1 4 1.880503351891401
    2 3 4.61216002006661
    1 3 4.1910934570755805
    2 3 4.1803437891711415
    2 3 4.966159811050048
    2 4 5.144604314296215
    1 3 2.402423936828227
    1 4 1.223350307994199
    1 4 2.138513785870321
    2 3 4.042722186857757
    1 3 3.393876996558241
    1 4 1.2519877503111547
    2 3 4.273334026800221
    1 3 3.91554924989432
    2 3 4.437953230978776
    2 4 6.280903862936928
    2 4 7.101910244990604
    1 4 2.120566617106019
    2 3 4.2525758312827415
    1 4 1.8432971339657676
    2 3 4.792191834363761
    1 3 5.422164265604078
    2 4 5.350617522889465
    1 3 3.3956029325665495
    1 4 2.177813438515626
    1 3 3.395158363650668
    2 4 6.801952086709184
    1 4 2.0945838610015644
    1 4 2.8378224812654804
    1 3 3.5310571125009993
    2 4 5.974143000367376
    1 4 2.288915240300465
    2 3 4.631272534517273
    1 4 1.8844013651141576
    2 4 7.128882907143406
    1 3 5.299543776041558
    1 3 5.986068587276431
    2 3 4.963175976654402
    2 3 4.592015099880069
    1 3 3.1674912181833372
    2 3 4.316739890799999
    1 4 1.7159659999281374
    2 3 4.254648224589595
    1 3 2.8531140320241084
    2 3 4.298082175352565
    1 3 4.444199831479485
    1 4 2.535014163015656
    1 3 2.93524339463083
    2 4 5.22191872789567
    2 4 5.701444624107462
    1 3 4.938865272427277
    1 4 1.6956197535616764
    1 4 2.510470613037001
    2 3 4.458875324531265
    2 4 5.177993363445489
    1 4 1.5905816597484672
    1 3 2.2494173986150052
    2 3 4.888257925866117
    1 3 4.119648768752642
    2 4 5.281022103618406
    2 4 6.013499185970057
    1 3 2.095233782916381
    2 3 4.883275774657813
    2 3 4.598036585318826
    2 3 4.997523591627674
    1 4 1.9731253280464585
    2 3 4.377831774209122
    1 4 2.2697897483787743
    1 3 2.4646409198878967
    2 4 4.634067893014453
    2 4 4.553420229534294
    1 4 1.0273848218143242
    2 3 4.154493611310164
    2 4 5.36758245983901
    1 3 4.909699749598641
    1 3 2.740439575260285
    2 4 6.589752752420579
    2 4 4.512451504514246
    1 4 2.3167385158529976
    2 3 4.989787237332018
    1 4 1.6105734808597045
    2 3 4.297901773409248
    1 4 2.380370749715579
    2 3 4.782940905749254
    2 4 6.2473910961786405
    2 4 5.934826888712935
    1 4 2.4549010852748814
    2 4 6.483278264109565
    1 4 2.458203933569284
    2 4 6.889447429679123
    1 3 3.494134293272942
    1 4 2.0989526339040387
    2 4 4.88602526567838
    2 4 5.703018741337054
    1 3 3.933137789552406
    1 4 2.2797721567754103
    1 3 3.5238995531239627
    1 3 5.2995441584435605
    2 4 6.154186904521591
    1 3 3.379248554998145
    2 4 5.039745035948316
    1 4 1.6943128355079269
    1 3 5.124423765119646
    1 4 1.5641215105725257
    1 4 1.4681554195784607
    1 3 4.503126813161325
    2 3 4.172532148706628
    1 4 1.246790533184973
    2 4 6.260517429461384
    2 4 5.6647744995222995
    1 4 2.891959525758905
    1 4 1.6820508162066274
    1 3 3.5345240451811692
    1 3 3.653114224878747
    1 4 1.0290453456519972
    2 4 6.44830777511962
    2 4 5.80758032893017
    2 4 5.5138054747830445
    2 4 7.2231175560417
    2 4 5.949751556552817
    1 4 1.4787498684445297
    1 4 2.8547939149899655
    1 4 2.2627137488774247
    1 4 2.957132357651243
    1 3 3.531017739399487
    2 3 4.307058921848238
    1 3 5.332426110540843
    2 4 5.1379899687745105
    1 3 3.513103706173265
    1 3 3.94252755881209
    2 3 4.12275809865559
    1 3 5.682966303067415
    1 4 2.2459879348962173
    2 4 6.6884425592004035
    1 3 3.700573218746219
    1 3 4.422067813226902
    1 4 2.852017501036257
    1 4 1.6881517565475352
    2 4 5.8561267524447125
    1 4 2.9322086874102022
    1 3 5.484035021103346
    1 3 2.5522766597181965
    2 4 4.617821252030417
    1 3 3.7500001165571266
    2 4 4.574841538334397
    2 3 4.957550176295694
    1 4 2.3865612146233715
    1 3 2.551091774440464
    1 3 5.865093366980811
    2 3 4.987810952960196
    1 4 2.698862887685098
    2 3 4.541881118553253
    2 3 4.93479256365046
    1 4 2.717669082469838
    1 4 2.575796700468606
    1 3 2.8723402865913936
    2 3 4.575315746903348
    2 3 4.722175388063381
    1 3 3.560564639747123
    2 4 7.3466367924529035
    2 3 4.3549339688946676
    1 3 2.668667934361679
    2 4 6.321069538742821
    1 3 5.808817129938058
    2 3 4.62066279202512
    1 4 2.927642720771174
    2 4 4.579675254349593
    2 3 4.521422382373102
    2 3 4.847420320985266
    2 3 4.379261349628483
    2 4 6.429514237095811
    2 3 4.600205882286193
    1 4 2.9936294940085952
    2 3 4.092121562094691
    1 3 2.2307371086804686
    2 3 4.7278958601461
    2 3 4.833408468014654
    2 3 4.354985087282373
    1 4 2.76291465519585
    2 3 4.664353247080426
    1 3 2.747526838291889
    1 3 4.806783584850574
    1 4 1.5321063088046931
    1 4 2.0009140839969333
    2 4 6.101809551370316
    1 3 4.7290647432848205
    2 3 4.418483306161014
    1 4 2.059977993005083
    2 3 4.624583550861349
    1 3 2.85223304908038
    2 4 7.4596397356567685
    2 3 4.36560875730027
    1 3 2.4760184098817044
    2 4 5.35126289183848
    1 4 2.411453050722388
    1 4 2.471380886478988
    2 3 4.157704007724555
    2 3 4.8837779091828075
    2 4 6.730141030047524
    2 3 4.938379037826087
    1 4 1.4148068355055003
    2 3 4.8302894935389915
    2 4 5.784888174802128
    2 4 6.209027332973982
    2 3 4.822811120981026
    1 3 2.6605324231499043
    1 3 2.2671685413179947
    1 4 2.15799667599428
    1 3 5.94320244929334
    2 3 4.478338065364241
    1 4 2.2295728309872853
    1 4 1.2385519686467288
    2 3 4.002898732223961
    2 3 4.663560357395708
    2 4 7.388591383946799
    2 3 4.282872369035806
    1 4 1.0943389229268696
    1 3 2.7587371429636365
    1 4 2.44199586895161
    2 3 4.239406903072946
    1 3 5.373643999286166
    2 4 7.45750893543878
    2 3 4.3031316232288255
    2 3 4.335244887486781
    2 4 5.698971496477644
    1 4 2.7853341940859964
    2 4 6.187379479595581
    1 4 2.17394376211426
    2 3 4.731046766078153
    2 4 7.4641569381880775
    1 3 4.780056686430585
    1 3 4.332624222168486
    2 3 4.5733705567989515
    2 3 4.374228056942544
    1 3 3.7726104309873643
    2 4 5.737848221347438
    1 4 1.3491536226851015
    2 3 4.006369118467843
    2 4 6.127710168853282
    1 3 3.565861783037475
    1 3 4.949797583506917
    1 4 1.5213202247590436
    2 4 5.081815067868201
    1 3 4.994995922502623
    1 4 1.2349280427999396
    2 4 4.708929993380149
    2 4 4.81298248008466
    2 3 4.45919356791767
    1 3 5.054250931050929
    2 3 4.006857745675738
    2 4 6.592491435240717
    2 3 4.598624438493933
    1 3 3.7315330262094966
    1 3 4.048849729515292
    2 3 4.676898078834949
    2 4 6.914080362320744
    1 4 2.2443579318600153
    2 4 6.604708191044155
    1 3 5.822661146906516
    2 4 4.532129016566865
    2 3 4.99235406353583
    2 3 4.8436722036020035
    2 4 4.5699263526733835
    2 4 6.260545901465698
    2 3 4.951169724075661
    1 4 2.8447009997469466
    1 3 2.058810803121819
    2 3 4.88245280304086
    1 3 3.885527779255125
    2 3 4.730375784373684
    1 4 2.7350609619592876
    2 4 6.48473548455747
    1 3 2.2264518256614263
    2 3 4.773926056964793
    2 4 5.92231242879221
    2 3 4.507651038308256
    1 3 5.681860794342727
    2 4 4.540454131034225
    2 3 4.712836370251358
    2 4 6.9267265762771455
    2 3 4.761890719199741
    1 3 5.401744790019486
    1 3 2.4058158871883144
    2 3 4.862527552357517
    1 4 1.1084348008674212
    1 3 3.6111052042043417
    2 3 4.523952201282504
    2 4 6.805711311126345
    1 4 2.292504423128342
    2 4 6.702108111790532
    2 3 4.910945006291607
    1 3 2.5908175285638926
    1 4 2.109561328214297
    1 3 4.9525341943507195
    2 4 5.799433586139294
    1 4 2.7241435093379347
    1 3 4.9097894540335005
    1 4 1.1936462281951696
    1 4 1.4924037138289767
    2 4 7.256476374012735
    1 4 1.7131938471636312
    1 3 4.166644642320037
    1 3 5.705746457916026
    2 4 5.864513445440625
    2 3 4.7547134388076815
    2 4 6.65063409699369
    2 4 4.589339419087219
    1 4 1.9177229028205791
    1 3 4.220597635760309
    2 3 4.66545194073471
    1 3 5.14857200116828
    2 3 4.299903967417346
    1 3 4.402927807269065
    2 3 4.084999176368126
    1 3 2.180607552938514
    2 4 4.720607704657347
    2 4 6.694452748314353
    2 4 4.6448089867795215
    1 4 1.650921574117036
    1 4 1.961718625211351
    1 4 2.13129316393716
    2 4 5.159189354410641
    1 4 1.703065105822699
    2 3 4.612662328634724
    2 4 5.485721567668349
    1 3 4.1358501829781975
    2 4 6.461714682331779
    1 4 2.2910501293580348
    2 4 4.506913574717938
    1 3 3.049077346097821
    1 3 3.465491248316159
    1 3 4.030074937680319
    2 4 7.286341871096564
    2 3 4.791145759795507
    2 4 5.654051356626299
    1 4 1.6266606924796632
    1 3 5.56456100507791
    2 4 6.507918373307649
    2 4 6.431679520438164
    2 3 4.187708263302417
    1 3 2.2044729395128186
    1 4 2.8303102853337956
    1 3 4.468106476195707
    2 4 7.375759770306035
    1 3 5.546922509757413
    1 3 2.5475268422641886
    2 4 7.414602175571402
    2 3 4.392265045135067
    2 4 6.848722528283706
    1 3 5.1923066674265534
    1 4 2.994794854823344
    2 3 4.726584867130375
    1 4 2.4421256564276823
    2 4 5.4383647738652705
    1 4 2.8502372135429153
    1 4 2.408375397555591
    1 4 2.239993158748699
    2 3 4.6961720462879395
    1 3 2.477341294478564
    2 3 4.406053871148422
    1 4 1.8581240370925216
    2 3 4.0808925442500374
    2 3 4.512276530711302
    1 4 1.206767403712167
    2 4 5.114309478344507
    1 3 3.410973545656435
    1 3 2.1744308270305135
    2 4 4.739352375645768
    1 4 1.8833542205765061
    2 3 4.057977716762028
    2 4 6.4117081727141
    2 4 7.030834922798498
    2 4 4.511389253855757
    2 4 6.217386355518248
    2 4 5.545717654460016
    1 4 1.124761856458496
    1 3 3.352077891346969
    1 3 5.450151728394462
    2 3 4.303404989068415
    2 4 7.069212680691959
    1 3 2.6174258486341975
    2 3 4.866582314495981
    1 3 3.056769703841688
    1 4 1.6710490373879954
    1 3 2.117845019738283
    2 3 4.238300531581087
    2 3 4.595658749871827
    1 4 2.2997069994951103
    2 3 4.641923840852362
    1 4 1.5888553898877764
    2 3 4.395500560764184
    2 3 4.2820174525915675
    2 4 5.703132199544502
    1 3 5.454479943806206
    1 4 2.165565585309158
    1 3 3.6915821271415066
    1 4 1.0368727827644575
    1 3 3.6024514721545904
    1 3 5.700795970958807
    1 3 4.916486513108614
    1 3 3.6196584398818334
    2 3 4.443833172346251
    2 3 4.751968595216362
    2 4 5.561307802723448
    2 4 5.986000799541165
    2 3 4.659189981205849
    2 4 6.474082726504063
    2 3 4.865130263653757
    2 4 6.738041713743301
    2 4 6.319652270254786
    2 4 6.115766419021569
    1 4 1.380389524220592
    1 4 1.6714212448419663
    2 4 4.693588869580056
    2 4 7.058642288870981
    2 4 5.9517781001922945
    2 3 4.290099369123094
    2 3 4.34898775904515
    1 3 5.1322967813963265
    2 3 4.325868794017078
    1 4 2.1762473204389985
    2 3 4.127490681146957
    1 3 4.0071554049430755
    1 4 1.253835360995636
    2 3 4.273235796388042
    1 4 1.6101050243344668
    2 3 4.347797935400035
    2 3 4.398996390756184
    2 3 4.27020556729024
    1 3 2.5773635133986987
    1 4 1.0604231628345255
    2 3 4.604320255076514
    2 3 4.940011790536854
    1 4 2.1549963279795494
    2 3 4.67174267421313
    1 4 2.367167156101284
    1 3 4.43101765601821
    1 4 1.9061312719547536
    1 3 4.604250204241276
    1 3 5.453755848827527
    2 4 7.218240813093561
    1 4 2.3901496256994825
    1 4 2.4752662184130347
    2 4 5.168827938227512
    2 4 5.490416993712136
    1 4 1.810759954566163
    2 3 4.933668514746705
    2 3 4.857007077125745
    1 3 5.242016362725898
    1 3 5.124466260494887
    1 4 2.2727799898786643
    2 3 4.283791110271045
    2 3 4.957422125062882
    2 4 5.646996842095433
    2 4 7.364640393549683
    2 4 5.3649009593725205
    2 4 5.829831514014572
    1 3 4.581949630616579
    1 3 4.050666479143142
    2 4 5.608671033989165
    2 4 6.277651067768373
    1 3 3.307876664994814
    2 4 6.195252022263673
    2 4 5.726619900058305
    2 3 4.812855439470399
    2 3 4.019918192161495
    2 4 5.819353664360816
    2 3 4.356874079907815
    1 4 1.0277059393051022
    1 3 5.465079816830583
    1 3 5.2731789568095415
    2 3 4.37268742708936
    1 3 5.178415836346872
    1 4 2.075164506568929
    2 4 7.119352813820846
    1 4 1.8386253202866487
    2 3 4.592774041731693
    2 4 4.909988589113575
    1 3 2.9944494508482835
    1 4 1.8416494094944236
    1 4 1.0037899024684958
    2 4 4.631527973328816
    2 4 5.090427691860652
    1 4 1.7694510318276957
    2 3 4.820614738047409
    1 3 3.0667037500541694
    2 4 7.161429466390536
    2 4 6.5320070996947015
    1 3 3.801137568696017
    1 4 1.1811886440508226
    2 4 7.077101113226141
    1 3 4.398984516594268
    2 4 4.662233561542573
    2 3 4.3977164384177945
    2 3 4.337490733392277
    2 3 4.132719803150565
    2 4 4.873086295410839
    1 4 1.4090793670934252
    1 4 2.211742996695445
    1 4 1.2100988820659757
    1 3 4.9557498954538985
    1 4 1.189402980963009
    1 3 4.936036117011779
    2 4 5.875003672268986
    1 4 1.9814802264557514
    2 3 4.921438599177338
    1 4 1.1304704104191883
    1 3 4.973912341924857
    1 4 1.3568810028161256
    1 3 4.32297299966751
    1 3 2.456199166575285
    1 4 1.3765877307259662
    1 3 5.967505683582456
    2 4 4.839730493621023
    1 4 1.1779393540765262
    2 4 7.365242308788461
    1 4 2.559032266946133
    1 4 1.1004591485684876
    1 4 1.8114773159677768
    1 4 2.5715979782850695
    2 4 6.226668505418341
    2 3 4.889076789459404
    2 4 4.630266405928599
    2 4 5.432194917091983
    1 4 2.9473540931374917
    1 3 5.061432564708809
    1 3 5.029238483955301
    1 4 1.8190997287162678
    2 4 7.112695205488505
    1 3 5.278686957283452
    2 3 4.219497297918117
    1 4 2.4819431614364826
    2 4 5.29357467057242
    2 4 4.595375317887916
    2 3 4.156138956414386
    2 3 4.321181948300364
    2 4 5.373290075145078
    1 4 2.988616758642772
    2 4 6.86551851512965
    1 4 1.7287013727162193
    1 3 5.782992392984597
    2 4 7.3273216643613495
    1 3 2.929608548407036
    1 3 5.0901102210692555
    2 4 6.3014112523449315
    2 3 4.4180872562463325
    1 3 4.9042678344777855
    1 4 1.0825903284139176
    1 4 2.400011124169926
    2 4 5.51747504067038
    2 4 4.899230488923008
    1 3 5.588413314521803
    1 4 2.693063893564964
    1 3 2.994050844759289
    1 3 2.234033952116561
    1 3 2.0382438398056992
    2 3 4.279512949169303
    2 4 6.380951343137858
    2 4 7.420953894563221
    2 4 4.754030734385482
    1 4 2.1998588527632053
    1 4 1.5288569036279713
    1 3 4.407323724024847
    2 3 4.54315651512536
    1 3 2.5308984247185986
    2 4 6.011761049370962
    1 4 1.8854048203042573
    2 3 4.024340606782422
    2 4 6.134266069366917
    2 3 4.216758032268772
    1 4 2.5075940514063095
    2 3 4.529779567604383
    2 3 4.517241820557162
    2 4 6.258861075664844
    1 3 4.282081516645365
    1 3 3.1978894950046364
    1 3 3.934691291207008
    1 3 5.564013078793044
    2 4 5.4732592690453306
    1 3 3.2680496354339432
    1 4 1.7938475082034264
    1 3 4.15346554973589
    2 4 6.900059311172005
    2 3 4.838529695120677
    1 3 5.020148804120177
    2 4 4.934688116018761
    1 4 2.0585872259804407
    1 3 4.113983748187574
    2 4 5.897215002287979
    2 4 6.981528375243966
    2 3 4.440240307946307
    2 3 4.553484851557344
    2 4 6.733909712125922
    1 4 2.5578067990342346
    1 3 4.120018861450726
    2 4 4.948297207151806
    1 4 1.4986005616327387
    2 3 4.0238117181125235
    2 4 6.245944958170866
    1 4 1.6324957174711567
    1 4 1.652401430734808
    1 4 1.1106020732167772
    2 3 4.05231012437158
    1 3 5.815278441616248
    1 3 4.015752016301338
    1 4 1.5582715153648574
    1 4 1.805113439004054
    1 3 3.6023270570450627
    1 4 1.916829195939128
    1 3 2.3183007002977254
    2 3 4.921118661118891
    1 3 4.908626318603908
    1 4 1.7916289363382991
    1 3 4.765731365186081
    2 4 7.034938204027693
    2 3 4.82433027959203
    2 3 4.263754026839238
    1 3 3.5135942161422005
    2 3 4.827415285914723
    1 4 1.7388899034452194
    1 4 1.4615090835713773
    2 3 4.51097867251413
    2 4 6.117632353881055
    1 3 3.31178837252374
    2 4 7.242383713924003]
