Current Best Data Collection:

**********************************

MODEL: auto car

With approx:

2317.6567711797184;
[1,(1,6),(1,6,5),(1,6,3),(1,6,7),(1,5,4),(1,6,2)];
[[-Inf,70.5,159.5,259.0,284.5,Inf],[-Inf,99.0,127.0,Inf],[-Inf,17.65,22.75,Inf],[-Inf,2764.5,3030.0,3657.5,Inf],[-Inf,14.05,Inf]]
Without approx:
2318.777272492761;
[1,(1,4),(1,4,2),(2,1,6),(1,4,5),(4,2,7),(2,1,3)];
[[-Inf,159.5,190.5,212.5,259.0,284.5,Inf],[-Inf,99.0,123.5,Inf],[-Inf,17.65,22.75,Inf],[-Inf,2764.5,3030.0,3657.5,Inf],[-Inf,14.05,Inf]]

Best graph: (u = upper, i = initial_disc)
(2,7) = [1,(1,4),(1,2),(2,5),(2,1,3),(4,1,7),(3,6)]; 3775.52
(3,7) = [1,(1,3),(1,2),(1,4),(2,5),(3,6),(4,1,5,7)]; 3779.16
(6,7) = [1,(1,2),(2,1,3),(2,5),(1,4),(4,1,5,7),(3,6))]; 3769.78

**********************************

MODEL: housing

with approx:
6897.323376041152;
[2,(2,3),(3,2,14),(3,2,7),(7,14,13),(3,2,9),4,(14,4,6),(3,7,8),(7,14,12),(3,5),(3,10),(12,1),(3,11)];
[[-Inf,0.7965599999999999,33.15885,39.9405,43.63765,48.44095,59.5283,70.72745,81.25515,Inf],[-Inf,6.25,15.0,20.5,37.5,42.5,48.75,Inf],[-Inf,2.105,3.425,3.54,3.875,3.9850000000000003,6.145,6.305,6.66,7.225,7.625,8.005,9.125,9.795,12.379999999999999,14.48,16.57,18.84,20.735,23.77,26.695,Inf],[-Inf,0.402,0.436,0.43745,0.478,0.491,0.496,0.5165,0.541,0.5774999999999999,0.601,0.607,0.6114999999999999,0.639,0.651,0.8205,Inf],[-Inf,3.7119999999999997,4.0005,5.548,6.5425,7.436999999999999,8.7525,Inf],[-Inf,66.35,Inf],[-Inf,2.58835,4.48025,4.750249999999999,11.4184,Inf],[-Inf,190.5,222.5,249.5,260.0,264.5,278.0,302.0,306.0,309.0,322.0,364.0,377.0,387.5,394.5,400.0,426.0,434.5,453.0,567.5,688.5,Inf],[-Inf,12.8,13.3,14.0,14.75,15.75,16.5,16.95,17.35,17.5,17.700000000000003,18.65,18.75,19.4,19.65,19.9,20.15,20.549999999999997,21.05,21.6,Inf],[-Inf,357.485,Inf],[-Inf,4.65,9.605,16.085,Inf],[-Inf,15.85,28.15,37.45,Inf]];
[10,8,22,17,8,3,6,22,21,3,5,5]

without approx:
6915.370628899828;
[2,(2,3),(3,2,14),(3,2,7),(14,7,13),(3,2,9),4,(14,4,6),(3,7,8),(7,14,12),(3,5),(3,10),(12,1),(3,11)];
[[-Inf,0.7965599999999999,33.15885,39.9405,43.63765,48.44095,59.5283,70.72745,81.25515,Inf],[-Inf,6.25,15.0,20.5,37.5,42.5,Inf],[-Inf,3.875,3.9850000000000003,6.145,6.305,6.66,7.225,7.625,8.005,8.350000000000001,9.125,9.795,12.379999999999999,14.48,16.57,18.84,20.735,23.77,Inf],[-Inf,0.446,0.4485,0.4555,0.491,0.496,0.5015000000000001,0.5085,0.5165,0.522,0.528,0.535,0.541,0.5774999999999999,0.601,0.607,0.6114999999999999,0.639,0.651,0.8205,Inf],[-Inf,3.7119999999999997,4.0005,5.6425,6.5425,6.918,7.436999999999999,8.7525,Inf],[-Inf,61.25,Inf],[-Inf,2.58835,3.69775,4.750249999999999,11.4184,Inf],[-Inf,190.5,222.5,249.5,260.0,264.5,278.0,302.0,306.0,309.0,312.0,377.0,387.5,394.5,402.5,407.0,434.5,453.0,567.5,688.5,Inf],[-Inf,12.8,13.3,14.0,14.75,15.95,17.35,17.5,17.700000000000003,18.65,18.75,19.4,19.65,19.9,20.15,20.549999999999997,20.95,21.05,21.6,Inf],[-Inf,357.485,Inf],[-Inf,4.65,9.629999999999999,14.3,Inf],[-Inf,18.15,28.15,37.45,Inf]];
[10,7,19,21,9,3,6,21,20,3,5,5]

Best graph:
(13,6) = [8,(8,5),(5,6),(8,2),(5,2,3),(8,7),(3,8,2,10),4,(10,12),(6,10,14),(14,13),(3,8,10,2,11),1,(10,11,3,2,9)]; 6480.42

**********************************

MODEL: liver disorder

with approx:
716.4498985999555
[7,6,5,(5,7,2),1,3,(3,4)];
[[-Inf,84.0,Inf],[-Inf,Inf],[-Inf,42.5,82.0,Inf],[-Inf,31.5,40.0,47.5,Inf],[-Inf,261.0,Inf],[-Inf,10.0,Inf]]

without approx:
716.4498985999555
[7,6,5,(5,7,2),1,3,(3,4)];
[[-Inf,84.0,Inf],[-Inf,Inf],[-Inf,42.5,82.0,Inf],[-Inf,31.5,40.0,47.5,Inf],[-Inf,261.0,Inf],[-Inf,10.0,Inf]]

Best graph:
(6,2) = [3,(3,5),1,(3,5,4),(4,7),(3,4,6),(5,6,2)]; 715.3147363619869

(1,2) = [5,(5,2),(5,4),1,(4,3),(5,6),(4,7)]; 720.4354165711574

**********************************

MODEL: Wine

Best graph
(13,3) = [8,(8,1),(1,11),(1,4),(1,2),(8,7),(1,14),(8,4,1,9),(1,3),(1,8,13),(14,1,6),(1,4,5),(1,12),(8,6,10)]; 1832.3728

(2,3) = [4,(4,1),(1,14),(1,8),(1,8,13),(1,11),(14,1,6),(8,6,10),(1,4,5),(1,2),(8,7),(8,4,9),(1,3),(1,12)]; 1834.592809109933

**********************************

MODEL: abalone

Best graph
(8,3) = 