Auto car

graph_1 = [1,(1,6),(1,6,5),(1,6,3),(1,6,7),(1,5,4),(1,6,2)]; (u,pred) = (2,7)

( my_w, my_wo, MDL ) = (-10171.205596173062,-10171.205596173062,-10518.918772553629) [No division by 392]

----------------------------------------------------

graph_2 = [1,(1,2),(2,1,3),(2,5),(1,4),(4,1,5,7),(3,6)]; (u,pred) = (6,7)

( my_w, my_wo, MDL ) = (-9876.77753005974,-9876.77753005974,-11526.221871043728) [No division by 392]

----------------------------------------------------

graph_3 = [1,(1,2),(2,5),(2,3),(1,6),(1,4),(4,1,7)]; (u,pred) = (6,9)

( my_w, my_wo, MDL ) = (-9963.224359353082,-9963.224359353082,-11323.292654695751)

my_w = my_wo = [68.0,106.0,159.5,259.0,284.5,329.0,414.5,455.0]  [46.0,71.5,99.0,127.0,151.0,191.5,230.0][9.0,14.75,17.25,20.9,23.95,26.2,46.6] [1613.0,2203.5,2442.5,3007.5,3657.5,4303.5,5140.0] [8.0,13.75,15.25,24.8]

MDL = [68.0,455.0][46.0,230.0][9.0,21.05,46.6][1613.0,5140.0][8.0,13.75,24.8]

==============================================================================================================
==============================================================================================================

Liver

graph_1 = [3,(3,5),1,(3,5,4),(4,7),(3,4,6),(5,6,2)]; (u,pred) = (6,2)

( my_w, my_wo, MDL ) = (-8162.617306909031,-8146.758109638047,-9158.047465201931)

graph_2 = [5,(5,2),(5,4),1,(4,3),(5,6),(4,7)]; (u,pred) = (1,2)

( my_w, my_wo, MDL ) = (-8065.917420894038,-8065.917420894038,-9159.349050563904)




==============================================================================================================
==============================================================================================================

Wine

graph_1 = [8,(8,1),(1,11),(1,4),(1,2),(8,7),(1,14),(8,4,1,9),(1,3),(1,8,13),(14,1,6),(1,4,5),(1,12),(8,6,10)] = (13,3)

( my_w, my_wo, MDL ) = (-3593.606730780144,-3550.7741050533505,-4201.250330682232)


my_w = [11.03,12.745,13.54,14.83][0.74,1.42,2.235,5.8][1.36,2.03,2.63,3.07,3.23][10.6,17.9,24.25,30.0]                        [70.0,88.5,135.0,162.0][0.98,2.105,2.58,3.88][0.34,0.975,1.885,2.31,5.08][0.13,0.395,0.66]                                   [0.41,1.655,3.58][1.28,3.46,4.85,7.4,13.0][0.48,0.785,1.005,1.295,1.71][1.27,2.19,2.49,4.0][278.0,476.0,716.0,900.5,1680.0]

my_wo = [11.03,12.745,13.54,14.83][0.74,1.42,2.235,5.8][1.36,2.03,2.605,3.07,3.23][10.6,17.9,23.25,30.0]
[70.0,88.5,135.0,162.0][0.98,2.105,2.58,3.01,3.88][0.34,0.975,1.885,2.31,3.355,5.08][0.13,0.395,0.66]                       [0.41,1.185,1.655,3.58][1.28,3.46,4.85,7.4,13.0][0.48,0.785,1.005,1.295,1.71][1.27,2.475,4.0][278.0,476.0,716.0,900.5,1680.0]

MDL_disc = [11.03,12.78,14.83][0.74,1.42,2.235,5.8][1.36,3.23][10.6,17.9,30.0][70.0,162.0][0.98,3.88] [0.34,5.08][0.13,0.395,0.66] [0.41,3.58][1.28,3.46,7.55,13.0][0.48,0.785,1.71][1.27,2.115,2.505,4.0][278.0,1680.0]

--------------------------------------------------------------------------------------

K2 50 times; u = 13

(1323.5317217238487,Any[3,4,(3,4,10),(3,12),(10,12,4,3,9),(12,9,14),(14,10,4,7),(14,3,7,9,2),(12,10,13),(13,2,12,1),(7,1,8),(1,13,4,9,5),(1,9,6),(1,11)],Any[[11.03,12.745000000000001,14.83],[0.74,2.2350000000000003,5.8],[1.36,1.53,1.85,3.23],[10.6,17.9,30.0],[70.0,88.5,133.0,162.0],[0.98,2.58,3.88],[0.34,0.975,2.31,2.715,4.505,5.08],[0.13,0.66],[0.41,0.485,1.3250000000000002,1.645,3.4299999999999997,3.58],[1.28,3.46,4.85,7.4,13.0],[0.48,0.855,1.71],[1.27,2.005,2.19,4.0],[278.0,368.5,953.5,1680.0]])


--------------------------------------------------------------------------------------
graph_2 = [4,(4,1),(1,14),(1,8),(1,8,13),(1,11),(14,1,6),(8,6,10),(1,4,5),(1,2),(8,7),(8,4,9),(1,3),(1,12)] = (2,3)

( my_w, my_wo, MDL ) = (-3597.540656146323,-3585.860152454915,-4228.156121366518)


==============================================================================================================
==============================================================================================================

Housing

graph_1 = [5,(5,2),(5,8),(5,2,3),(3,5,2,9),(5,2,7),(9,3,2,10),(9,3,10,11),(7,13),1,(10,12),(13,14),4,(14,1,6)];

( my_w, my_wo, MDL ) = (-14559.473960185942,-15886.636473779408,-21861.45315732036)

